geneid	genename	Subtype_1	Subtype_2	Subtype_3	Subtype_4	Subtype_5	Subtype_6
ENSG00000005249	PRKAR2B	4.10264717416673	3.79518774902778	3.67502975352828	7.57576901453919	3.6636656243489	3.84870946199736
ENSG00000007968	E2F2	3.30890921082534	3.61391482261555	3.04622117458089	2.30170921072465	3.20664587466255	2.91873927212769
ENSG00000009709	PAX7	2.39936973590204	2.28638993265923	4.8627789705157	2.30450734177057	2.07159476402917	4.09197851737411
ENSG00000010030	ETV7	3.90311861648607	4.56783107116118	3.30991014889072	3.20491795207763	3.66019641858529	3.32324546095548
ENSG00000014138	POLA2	5.09988170408484	5.83585369709581	5.45931490924953	6.42864818681063	4.81914424176956	5.05153406166399
ENSG00000019169	MARCO	4.15525590908699	5.45071417628519	3.38238102556656	3.0474769664247	4.63611981122152	3.37697666510105
ENSG00000019991	HGF	4.93917800738061	5.05153064867351	3.61156285511768	3.12730368200326	5.56591748830787	3.95612789187849
ENSG00000024526	DEPDC1	2.84562183468739	2.98394252507707	2.82694500285402	2.37887879467011	2.63354221983518	2.26902969797644
ENSG00000026751	SLAMF7	2.73684083966423	3.03646612474356	2.05498723672602	2.57888948793333	2.98911845543565	2.23777752913499
ENSG00000029559	IBSP	3.47270694494017	3.46850697814061	3.74483335162799	2.0858232456514	9.88437166241964	3.17642961566626
ENSG00000034971	MYOC	4.14431163070328	3.39838858832382	3.08755322615209	3.28898677745766	2.53867595462127	2.80073446370284
ENSG00000036672	USP2	3.83921784622871	3.92289122830687	3.82711629901024	3.39729306223727	3.56108661489989	4.33818371808128
ENSG00000037897	METTL1	4.58915781202479	4.32746761984514	4.11898874850473	3.95935111799732	4.04252234241179	4.402230045326
ENSG00000040487	SLC66A1	3.87844979942987	4.38379754293678	3.69646330725415	3.61851052852885	3.99660674662209	4.05391508954739
ENSG00000054179	ENTPD2	3.91093525423315	3.92127939264261	4.30441312136358	4.38130831602552	3.33950860243532	3.56644024045118
ENSG00000055955	ITIH4	4.73612369156614	4.20050102480656	4.17062384448895	4.42523030055143	4.51282456692527	4.19253945465028
ENSG00000055957	ITIH1	3.30824636883902	2.63424072305053	3.0596863885119	2.54056104564443	2.49523154127063	2.42325616768441
ENSG00000058866	DGKG	4.08435724049542	2.60351483475085	2.57259764245779	3.50417077901777	2.64812712677646	2.47714829360904
ENSG00000063438	AHRR	3.22251527568254	3.11339822940508	3.5433743455692	3.20707565278641	2.71537428154262	4.39955858683513
ENSG00000064195	DLX3	2.23481487574921	2.5679522916944	3.22741139752386	2.13202300876195	4.37024658253785	2.44247841683436
ENSG00000065183	WDR3	4.96027115663943	4.47084411391257	4.9016611204073	5.66729519181633	5.07201549828292	4.60322856895114
ENSG00000066468	FGFR2	7.24404967495211	5.22068462120978	6.12830090243072	8.08045839548064	7.26848891985602	7.82309486073974
ENSG00000072195	SPEG	8.03644952804408	5.7631589322696	6.41575847974961	6.5191411612945	5.79548936308818	7.44101603103632
ENSG00000074527	NTN4	3.77198494670384	4.59787803030394	3.22310896617538	3.41866201925645	4.19362885985396	3.77910227091256
ENSG00000075407	ZNF37A	3.6575320794959	3.6598586611687	3.56547526328205	3.85311283758917	3.66710954777855	3.61004185443183
ENSG00000076356	PLXNA2	6.15048742671196	5.85887065978843	5.02353851358223	6.78728681999109	6.69854960640623	6.90031789723704
ENSG00000077782	FGFR1	10.0333558006962	9.86188314407371	9.69571698037567	10.832901386572	10.8288744290226	10.548693552533
ENSG00000077943	ITGA8	5.0990492269127	2.67740674388286	3.06371761521979	3.31314911815729	3.35295730812852	4.11990515797748
ENSG00000078081	LAMP3	2.90561151081845	3.15590988554022	2.51402763252709	2.47781933804015	3.08012787202659	2.48957595183755
ENSG00000079101	CLUL1	4.14745536450899	3.77695342738798	5.07371954822788	3.84029908702751	3.75858152035615	4.13811021313827
ENSG00000082397	EPB41L3	7.20170822857389	7.98913027113383	6.24883971935515	5.99891211981841	7.14357870586053	7.05134562281824
ENSG00000082482	KCNK2	3.02111797512561	3.25246000128963	3.00210339649589	3.3808034087662	4.03114028901329	3.45688154277441
ENSG00000084710	EFR3B	3.5075031224449	3.33080671987521	3.60124254496099	4.94778798952181	3.29203479908065	3.78402758829424
ENSG00000085563	ABCB1	3.30948533973205	2.91624369942059	2.74002890735019	5.73565341977403	2.73898989682463	2.59985155187656
ENSG00000085741	WNT11	2.7061013365627	2.78340282644431	2.4744079780773	2.36534763569496	2.47149382780367	2.96959637697303
ENSG00000087495	PHACTR3	4.19040352500384	3.95169008125785	4.27510873356126	4.32821260453592	3.80280991013662	4.64940504665128
ENSG00000088386	SLC15A1	2.34766767641051	2.60377844826097	2.85215499225389	2.42163076807807	2.46925027933994	5.01222997151183
ENSG00000090659	CD209	3.6791713382926	4.54493676487716	3.05592568981025	3.11232204553839	4.03441016619828	3.20548410469448
ENSG00000092820	EZR	8.58812867621567	8.88222233904807	8.39520794316285	9.75070085937753	9.10341917050951	7.88249349859082
ENSG00000095713	CRTAC1	3.7752708520635	3.72478880333113	3.10850810871494	2.68175728710169	4.86950966575664	3.46139345822474
ENSG00000099139	PCSK5	5.543748448318	5.53079719223289	4.66779672303257	4.8390559157155	4.81719531176588	6.11212204724656
ENSG00000100346	CACNA1I	2.80323551196817	2.58379300263775	3.3237500539616	2.79890261984537	2.23896076971866	3.5078799888421
ENSG00000100979	PLTP	6.31456536551336	7.65653583522034	5.78136921695925	5.4405901468274	7.02255932291955	6.31624468832177
ENSG00000100985	MMP9	4.8572460731897	5.42104774288693	5.39725274497114	3.79885826137377	10.783951175488	4.30774143315095
ENSG00000101194	SLC17A9	3.22137300449904	3.55245172103435	3.1387924686059	2.7154576668297	4.88589667532719	3.53066864270624
ENSG00000101230	ISM1	5.25205409242944	5.08722878714709	5.25506454437897	4.76433872616769	5.45413030955175	6.14277487479552
ENSG00000101680	LAMA1	4.71063506103743	4.74096791901889	4.13285206804271	2.53833999795689	3.30951874960193	4.83172730752254
ENSG00000104267	CA2	3.34209919296085	3.02664151953175	3.03258158327268	7.66175532533997	6.35125950950659	2.82353466296615
ENSG00000104368	PLAT	6.54797967841531	6.58556707097095	6.29061891008099	9.33539499928895	6.02969728492763	6.13736325340417
ENSG00000105173	CCNE1	3.91352931020572	3.38339610163563	2.92250342305065	3.65254235707307	3.57095364775321	3.25102043864731
ENSG00000105825	TFPI2	2.70401963402519	2.85472054925208	2.9847767075301	2.17236297538647	2.50955376031984	2.71104897311231
ENSG00000105855	ITGB8	4.8974834389289	4.85037746655469	3.87774194061578	3.02334189021239	4.89284811128864	3.79121330284674
ENSG00000106031	HOXA13	2.75175920522972	2.72404145225923	2.63794304051899	2.22737058518772	2.72217510030945	2.6493488447447
ENSG00000106066	CPVL	5.02070666300954	5.35058377855689	5.10749463064407	5.24175280543702	5.20635342227752	4.19065150651566
ENSG00000106541	AGR2	2.69381566497894	2.61870789269428	3.44585148821564	3.00437489248675	2.54235712256415	3.19880723537558
ENSG00000107249	GLIS3	4.75514251915844	4.97119969506342	3.63718106005447	4.85868579072564	5.91272972255269	5.41047904834962
ENSG00000107859	PITX3	2.67886211609009	3.06715943130422	3.13317435516489	2.11613356984433	2.36262673551784	3.00536051972354
ENSG00000107984	DKK1	2.09779758125052	3.27931571796739	2.07190987441387	1.94745160487324	2.30368804516678	2.05585854267629
ENSG00000108684	ASIC2	2.05688304744277	2.15617907949413	5.24404426134365	2.14411869565979	2.02521768076285	2.3916311558648
ENSG00000108947	EFNB3	2.61361487413194	2.45339538104032	3.25022547289504	3.09660480573162	2.55544218138239	3.34061937694961
ENSG00000109047	RCVRN	2.30858142623035	2.20455489021211	1.99346033241789	4.53917354836751	1.98682879036262	2.45148172471886
ENSG00000109705	NKX3-2	2.27460990781641	2.5122335132902	2.51384861915229	6.78906017645481	2.87195286897293	3.56150273213494
ENSG00000110060	PUS3	6.29681411839078	6.43045797100476	6.85990046222315	6.69134047117604	6.3244431216106	5.91641368779223
ENSG00000111012	CYP27B1	3.86000685163852	3.72544684650015	3.64967628733048	3.30039190898702	3.54833097400305	3.69558630458777
ENSG00000111605	CPSF6	7.26920541349277	6.91871557699158	6.90399041144873	7.00849333047975	6.53281609698063	6.72337497720921
ENSG00000111907	TPD52L1	4.4653162073935	3.35834157037676	3.58764696866861	2.88974361924697	3.47876084647921	3.30738457833977
ENSG00000113296	THBS4	7.18489985111269	6.82464066869142	7.12563417172979	6.35523028306964	6.62720088688691	8.3307838610624
ENSG00000114491	UMPS	3.70423591942828	3.82215017676513	3.68864084468687	3.54568949548699	3.75741764227777	3.46665528776304
ENSG00000115009	CCL20	2.28381527337685	3.20263154184259	2.09510555745352	1.803337172131	2.18070398938571	1.93006911137974
ENSG00000115226	FNDC4	4.00422201270803	4.09945775990053	4.14120150833626	3.63567819043932	4.22589264667226	4.87423642439479
ENSG00000115255	REEP6	2.77928383570513	2.62712619464734	2.79120730412584	2.75305560953541	2.82736278073908	2.57607028677139
ENSG00000116183	PAPPA2	3.50842418207917	3.17084566609397	2.56830590840665	2.69808685856382	2.38757501550107	2.27097759163586
ENSG00000116774	OLFML3	5.38358743874485	5.04983137408728	4.95363004006469	4.64885696234637	6.09186276047237	6.39557748122015
ENSG00000117091	CD48	3.08829512792034	3.51630254948382	2.34375425196242	2.76872554527901	3.31197826761941	2.47732056461434
ENSG00000117586	TNFSF4	3.2876706264911	3.08796947597007	2.20944969442925	2.56304892729611	2.1855694535642	2.75974718781577
ENSG00000117594	HSD11B1	4.91385482902116	4.48690671223114	4.28814556064036	4.96293771186404	3.7626101882982	3.61412468352229
ENSG00000118495	PLAGL1	5.59429075275449	5.9593260313008	5.94351897474236	8.06374463906829	5.37726561306899	6.38428591202931
ENSG00000119514	GALNT12	3.21862273407287	3.53714490385736	2.6202154164166	2.61855638958805	2.6989252615604	2.5500016183988
ENSG00000120278	PLEKHG1	7.9485075132601	7.03796321471705	7.94456551783622	7.41922171106841	8.01279890885898	7.5630073895803
ENSG00000121335	PRB2	5.62133382724038	6.28346053675309	6.42998447265166	6.12811647007951	6.1061727572102	6.06464068163672
ENSG00000121904	CSMD2	3.99596592103301	4.09609784751223	4.38926059378879	3.2206285230079	4.70251550990555	6.55371281824918
ENSG00000122367	LDB3	5.18248473738297	4.52802772499109	5.16192970065079	4.10633405512508	4.18122464173117	5.16249497277337
ENSG00000122420	PTGFR	2.63164710781243	3.16899012752918	2.39258537813838	1.88662839523177	2.63110816916239	2.3555517060591
ENSG00000123080	CDKN2C	4.70122838777271	3.97208824768611	3.68599056968573	4.07527880366527	3.93591596306398	3.43261570824738
ENSG00000123838	C4BPA	4.36918911015876	3.9847202455604	4.36968771933529	5.51545769704967	4.10634748697616	5.10041309170514
ENSG00000124191	TOX2	5.86925289412651	4.97901297536619	4.83419491750331	3.44048297768034	4.0504665621268	4.10408026637131
ENSG00000124440	HIF3A	4.03737883797978	3.02318553286746	3.81389079857686	5.40890341031916	2.23672965981174	3.02602403316617
ENSG00000124610	H1-1	3.99933161270182	3.84216296391855	4.55205901747697	3.56597059755021	4.19194124144295	3.5555008477808
ENSG00000124772	CPNE5	4.18719333665068	3.60501208238331	3.20765977464076	3.24791586432691	3.34034701428721	3.26234503167153
ENSG00000125378	BMP4	3.47562453708336	4.01473102226949	3.31751716076511	5.33737110043015	4.20216999171746	4.8552567680604
ENSG00000125398	SOX9	4.91903071050126	4.74537510616649	5.61704501505623	4.41846896135309	5.09181891204401	5.20977049457537
ENSG00000125787	GNRH2	3.17864419510815	3.18723146000921	4.06907156941138	2.67135899461595	3.86595438285971	4.81812971333454
ENSG00000125813	PAX1	2.22163414621791	1.98459434959469	2.72816756396796	2.21779136094729	2.17990717595746	4.15316222312835
ENSG00000125869	LAMP5	2.50009158937263	2.23307308598361	2.58358513477364	2.18120947289994	2.20098855131645	3.96081040517836
ENSG00000125975	C20orf173	3.28587961686194	3.88283944054855	3.87836652081543	3.04804112360478	3.45722553274942	3.21270704103236
ENSG00000126878	AIF1L	3.66861122377045	3.75673425195607	2.76269968460862	2.51834978964024	2.44076076339907	3.22822979215198
ENSG00000127328	RAB3IP	3.23135063326961	2.76268233672325	2.52465294148978	2.45815428140807	2.13793921344102	2.4163628003392
ENSG00000127329	PTPRB	6.12614984211992	6.48160611448388	5.52962001216787	4.81878868839575	8.23980244060404	5.8754085519899
ENSG00000127337	YEATS4	3.08724408916882	3.01056041184742	2.41681332010259	2.27932942435004	2.45087632892519	2.32230197714827
ENSG00000127743	IL17B	3.8601767324565	2.92535593463467	2.88616723033891	3.07296646849787	2.63686028756277	2.60162615884674
ENSG00000128482	RNF112	3.69413937439806	2.92638564815409	2.78449476940842	4.10906626900048	2.4040806474519	2.87123764965769
ENSG00000128591	FLNC	9.662753593328	9.09707547473732	7.85157308612349	9.82833347361788	6.40338087796962	9.73723770081504
ENSG00000128602	SMO	4.54421698281883	4.25636067480112	5.28524906540108	5.16857016653137	4.73305156690071	5.72010411492779
ENSG00000128713	HOXD11	2.6836419365624	2.50003308004188	3.56657896477689	2.29194920780464	2.24274220423483	3.22522259587465
ENSG00000128714	HOXD13	2.67705288053256	2.81909874834145	3.67217291692109	2.02975141812577	2.75379739878954	3.05344747272025
ENSG00000129946	SHC2	4.37550131778237	3.47566013213267	4.43983225349963	6.17700971356418	3.2354362139256	5.27632416216623
ENSG00000129990	SYT5	2.49729799161927	3.60958551791042	3.11725981219941	2.43338565170212	2.78868592016719	3.13498768207806
ENSG00000130164	LDLR	6.29061440708221	5.8845217798785	5.6847939579617	6.52663442898599	4.97578508723717	5.50864945014897
ENSG00000130226	DPP6	3.30320778046521	2.88784824545955	3.56031562515845	3.35199627751235	3.27272881587305	3.68548067061277
ENSG00000130762	ARHGEF16	3.49913704158349	3.71326182985172	4.18303240457749	3.4206105810484	3.44131885700783	5.78102759453844
ENSG00000131094	C1QL1	4.07310893727397	2.87380220267008	3.0154144412602	5.74663689935007	2.78925132366279	3.19938604389653
ENSG00000131398	KCNC3	3.99204718564525	3.98835153535042	5.08860654470418	4.39978273330019	3.96782722131282	4.46944070552415
ENSG00000131620	ANO1	6.05493499280636	4.80741200868789	5.60970991017832	10.5306074748652	5.44170079717893	6.25292967752563
ENSG00000131711	MAP1B	11.1370884466537	10.5955175147201	9.61808321019588	10.7844478057853	9.5282940708086	10.3424713664701
ENSG00000132031	MATN3	2.96313795908813	2.76687897614369	3.48826127613458	2.80243884444588	3.32470438072655	4.02666676231255
ENSG00000132514	CLEC10A	3.1548292427162	3.50246628895042	2.28711953101004	2.71751198683477	2.90250827223527	2.71491142685651
ENSG00000132561	MATN2	7.17008922354897	6.59893416886892	7.73371505199543	7.72945292205769	6.74524125876392	7.29571131265251
ENSG00000132821	VSTM2L	2.78452712987971	3.05581764637443	3.25999459309685	2.68814363115184	3.21491263525869	2.98399610296847
ENSG00000132970	WASF3	4.45222733233417	4.50987115091927	4.36136806254035	5.06290293557963	3.744590257573	5.26777964779578
ENSG00000133063	CHIT1	2.8033369643593	2.67558169653189	2.8873413847768	2.29200720590034	2.564702257838	2.39293295209015
ENSG00000133216	EPHB2	5.78112628276012	6.39656474349433	5.84345475274417	5.56319997721626	6.4324188225569	6.6980279171135
ENSG00000133640	LRRIQ1	2.69645406399982	2.5256073689969	2.78351947989307	3.60076824705748	2.11034403098286	2.39014074163957
ENSG00000133800	LYVE1	5.27012329286737	5.91742274225675	5.90608583454779	5.43079220025176	4.88367396801834	4.97671558847437
ENSG00000134061	CD180	3.05074976859721	3.469545547358	2.76690965852932	2.96689212867381	3.24414652320501	2.57377321041976
ENSG00000134184	GSTM1	2.92050570976891	2.77886291579981	2.84394684632254	2.93340845312345	3.04641412143013	2.84092147401709
ENSG00000134827	TCN1	3.59014848778778	3.62684852405991	3.53530641825515	3.14240540202905	3.19955654063864	3.26966016462952
ENSG00000135298	ADGRB3	2.6134770428591	2.47474784403163	3.19662220753102	6.21067031747223	2.63447336225528	2.92794841213268
ENSG00000135407	AVIL	7.83365853081578	7.64480197260777	7.79664562691995	7.75092439660324	6.9244856106583	7.38187801541076
ENSG00000135424	ITGA7	7.41847223869829	6.18840400837166	5.69492875814151	4.83084518722416	4.75410420264437	6.05640369908534
ENSG00000135443	KRT85	2.24676285448099	3.10230864937139	2.06997996319479	2.17905737094148	2.36148547140615	2.33751304804952
ENSG00000135447	PPP1R1A	4.35659835400593	3.4299729368422	4.50143106682387	3.57858805736797	3.341278391843	3.74778013708127
ENSG00000135454	B4GALNT1	6.05839583437915	4.66692930390568	5.96927677197387	4.61669348234182	4.44867439410958	6.07011773786013
ENSG00000135678	CPM	5.25272068033381	4.98145716514709	3.97461598942732	4.37913270033792	4.85586118869798	3.83474639237966
ENSG00000135679	MDM2	7.16811682094043	6.81576180076476	6.09818101071615	7.01544802981263	6.65514547587686	6.22855484730437
ENSG00000135862	LAMC1	9.18356367783823	9.00057079269934	8.05313516717512	7.50733627235779	8.46274192377086	9.00881227738775
ENSG00000137807	KIF23	5.1577157091194	5.1135987666991	4.88466314727879	3.80849474447453	4.64542544165952	4.37964808272738
ENSG00000137819	PAQR5	4.13654895307788	4.01967309936217	3.58322394041913	2.89868184371351	3.54704095903436	3.9720085282102
ENSG00000138028	CGREF1	4.83573812797571	4.30881485664019	5.20259277932317	4.38465343724125	4.94997911699422	5.22411243514453
ENSG00000138080	EMILIN1	7.49644721139129	6.63592463415562	6.70077414173571	8.09931474126742	7.53499029335516	7.62062844152103
ENSG00000139209	SLC38A4	5.94665329585897	5.80590056158552	6.2426303072382	7.08607562147109	5.86717117887989	5.60269146766428
ENSG00000139263	LRIG3	5.26223835962826	4.77289098615883	4.42610585582063	4.82284326271181	4.22503012383085	5.47667185114455
ENSG00000139266	MARCHF9	3.80726249858761	3.40416499196106	3.61914852622317	3.48513121954063	3.25081260817351	3.53985383046724
ENSG00000139291	TMEM19	3.45442114008086	3.18427955900217	3.08556966082654	3.05591250715752	3.31713124665538	2.70058240936221
ENSG00000139890	REM2	3.38056531713137	3.23824900314584	4.10584008556769	4.61618889734018	3.24905097037804	3.44958245286069
ENSG00000141540	TTYH2	3.20542784686489	3.09862923730865	3.60653731314497	3.14812669057009	4.05374207419599	3.00534078134193
ENSG00000142949	PTPRF	7.47581708453298	6.17385104032795	6.89576591069654	5.65984782764327	6.66969700766548	7.29959109414232
ENSG00000143153	ATP1B1	6.23390075373494	5.57846276667046	5.81513974913226	8.28450546374026	5.826274262685	5.61897568037733
ENSG00000143512	HHIPL2	2.68471713295212	2.69050585050623	2.60821651305925	2.16098917024633	3.16033904813391	3.52726734096443
ENSG00000143520	FLG2	7.70017076697417	7.98381715710629	8.56716299154306	7.45426303298654	6.72100979333739	8.59587183746623
ENSG00000144452	ABCA12	6.93601811533405	6.39997392540924	7.07679728583477	7.83137804900995	5.51357336879525	5.94320320729182
ENSG00000144810	COL8A1	6.62914337375591	6.1035302355514	5.99114166323892	7.22683218029239	7.3433587125701	7.75416381911455
ENSG00000145681	HAPLN1	2.60942794801719	2.65403289328464	2.59357667927417	2.63547614843735	3.67659062676328	2.67122282651114
ENSG00000145850	TIMD4	3.85439103686328	4.6053673616395	2.86756442215503	3.10806017687763	4.71666515231533	2.87756430969818
ENSG00000147364	FBXO25	4.70866405540822	4.6714422149777	5.21712852268522	6.50332541206585	5.27105617379968	5.72588087301948
ENSG00000147408	CSGALNACT1	5.28653782409042	5.37890614451724	4.38703249146643	5.27125698958667	5.21579419080353	5.07789963279406
ENSG00000148153	INIP	4.15828236661124	3.70681492886121	4.63709732730178	4.74944249031619	3.67246321274074	3.68115309640115
ENSG00000148481	MINDY3	4.80342611850326	3.7209107795426	3.31666615890206	3.31558530286086	4.00332615817454	3.96258748115869
ENSG00000148795	CYP17A1	3.99192723525378	4.31470001617231	4.3141873525558	5.00356478174379	3.5514892599359	4.19332087266074
ENSG00000149090	PAMR1	3.46181075575625	3.92903975865155	2.70743758566228	2.873157208023	2.9252590445736	4.18065343122329
ENSG00000149527	PLCH2	5.45249213940417	6.19880656423653	6.07089681316587	5.09671308111039	6.00840059091958	5.82963408195928
ENSG00000149575	SCN2B	2.88175628917798	2.26587377949925	2.77075376050026	2.557349691432	2.28762868096919	3.09592104582056
ENSG00000149948	HMGA2	4.11177353166814	4.65012508231468	4.08062809148818	3.10413519555202	4.48713806286166	4.26205842906312
ENSG00000151572	ANO4	2.31349939830585	2.42527936156924	2.74188575554818	2.142010287866	2.32725730959189	3.7162254053303
ENSG00000151617	EDNRA	5.75858332365285	4.81955603910545	5.90832395629946	4.59140562369899	4.87727160203241	6.47592211102674
ENSG00000151790	TDO2	2.83960091363469	2.89631180879925	2.24649930203887	2.00402069023365	2.07842089796006	2.2881441818205
ENSG00000151892	GFRA1	3.69402386833305	3.32456739127391	3.64352687444843	6.51249944819824	2.2163455500956	4.07047131720441
ENSG00000152049	KCNE4	4.25536711972753	3.49935066880372	4.18798433812176	4.28623001991229	2.87815072412768	4.10247844982169
ENSG00000152076	CCDC74B	3.17747429672084	2.67772429448844	3.86136162601899	2.74949963747233	2.74246088112171	3.36104643484752
ENSG00000152475	ZNF837	4.35210032156916	4.39651298736744	5.09622441068447	4.63355240901827	4.12524154052623	4.57528176509832
ENSG00000152592	DMP1	3.51209820661588	4.8023852619247	4.04062396694499	2.8611442195341	6.37147953846071	3.74743945536417
ENSG00000152669	CCNO	3.38428677713588	3.26938697458794	3.41587378501138	3.20052627369267	3.03945208367284	2.79148880126089
ENSG00000152784	PRDM8	5.0500016474259	6.02680519341477	4.44889421394609	4.84211228123982	4.57049050475667	5.15396222676877
ENSG00000153064	BANK1	3.60599848661904	3.81487948743354	2.8961336107985	4.60986708814673	3.43564586665008	3.10980264302695
ENSG00000153179	RASSF3	4.83847891172906	3.71881656826213	3.45995340604362	4.00924728982461	3.81714983400938	3.74641477889426
ENSG00000153707	PTPRD	5.19223110048823	4.51675543218645	4.04448694125442	6.9341268736773	6.03131132564026	6.58828669812637
ENSG00000153820	SPHKAP	2.03443004474476	2.33175551711675	3.53309389664728	2.3313625556167	2.14135394196126	2.32101904979835
ENSG00000153956	CACNA2D1	4.31665107730526	4.21400880236227	3.86102227141694	3.12999588013383	3.87229921322689	4.01446061133829
ENSG00000154007	ASB17	3.91049261622471	3.78032613267746	3.87469867564804	3.37686433451937	2.9008679190592	3.22413650810264
ENSG00000154027	AK5	3.78147923826071	4.09214238870205	4.21211104721779	4.43592796632228	5.51411548889505	4.62643407220922
ENSG00000154146	NRGN	3.62438431614178	3.30581081375981	3.6603607810275	2.73492156866117	3.34261175746446	3.07809420327655
ENSG00000154175	ABI3BP	8.47092847354499	9.01258755495713	7.60343186078047	7.21526751031957	7.7949152846218	8.42385847798664
ENSG00000154310	TNIK	6.45325440243308	6.08472639448598	5.49227492698291	7.5619130358216	6.1582089944047	6.89882679486887
ENSG00000154856	APCDD1	4.79687496289135	4.85201636223594	5.2718352165638	4.07026747588205	4.45382217088932	6.74491464020264
ENSG00000154864	PIEZO2	6.66544525481966	7.02380852773056	5.97450383843939	5.38816975502824	6.68470414240553	8.67782931722575
ENSG00000155011	DKK2	2.99769098450029	2.77588959215055	4.16038352012218	3.06369657332721	2.71404179694644	3.66624761726392
ENSG00000155085	AK9	4.54787922970885	4.28529640960634	4.24984003861234	4.92680231313367	3.92353835862411	3.93906678206502
ENSG00000155792	DEPTOR	4.33234932329419	4.25310186208375	3.62773699539141	3.4600192696469	4.49094842358529	3.82319174976393
ENSG00000156076	WIF1	2.35571801073766	2.25048948277291	2.38995204102192	2.1685769565939	2.46137575708095	3.34998410936125
ENSG00000156265	MAP3K7CL	3.65225933042699	3.17094919970549	2.62262808467615	2.65981338667678	2.69873010322041	2.93232809218079
ENSG00000156345	CDK20	2.74177227032378	2.67948546665954	2.8596772941174	4.11984567153182	2.35076691088103	2.71651358324516
ENSG00000157152	SYN2	3.65630660348284	3.49295498117467	3.6165105355237	2.65552385881041	3.58491914362957	3.30426390416656
ENSG00000157168	NRG1	3.43345379897103	3.41691799098431	4.35149273743805	4.06077823869131	2.83670420968059	6.4190034643139
ENSG00000157240	FZD1	5.54704246053577	5.97032597854888	6.15040583925577	5.44299436997632	6.33835285369988	7.53233878902068
ENSG00000157426	AASDH	4.10292792594045	3.87998290063701	5.41946714454678	4.11301765939203	3.68323397832187	4.14205027495688
ENSG00000157542	KCNJ6	4.11361027709243	5.03021267797904	3.7883465759822	3.71882308181729	3.59125074533688	4.75353046225264
ENSG00000158258	CLSTN2	5.1511491434437	3.91606626773708	5.25448545701106	3.9071468153366	3.42893236647134	4.74280844742501
ENSG00000160111	CPAMD8	4.92342873258801	4.52451667235874	5.19512643190775	4.58956007613252	5.31099311200406	4.9848966072831
ENSG00000160396	HIPK4	5.02179468711722	4.58123284839137	5.1639420395292	4.95100198815997	4.45271206372956	4.44575814907952
ENSG00000160439	RDH13	5.42202288835453	6.11654819093911	5.48104055300391	5.7849973481019	5.32462964974408	4.66521206037522
ENSG00000160867	FGFR4	2.99022237217695	2.55835850469863	2.9280724772708	3.58690036809249	2.22191168849573	2.87709412054121
ENSG00000160882	CYP11B1	2.58293752790281	2.95620099123622	2.40703300796227	2.33697527279093	2.64551471384756	2.41896804111706
ENSG00000161544	CYGB	4.49760488137659	4.82764995291886	4.75536555202278	3.81913724960423	4.84600168007263	4.71773275896293
ENSG00000162009	SSTR5	2.36412779908287	2.05137068242077	2.96511225521637	2.42725452084549	2.62426540750984	2.6871222756245
ENSG00000162407	PLPP3	6.06504913202287	6.32339564748366	5.29932662313158	5.80408435718324	5.06210585564858	6.15899696919349
ENSG00000162545	CAMK2N1	3.85755449404822	4.5440583429877	3.94253919824993	4.27154016454273	3.23142698551382	4.16025709327228
ENSG00000162631	NTNG1	2.66306088662106	2.80902030636605	3.19866176384061	2.06602298729635	3.41963123005311	2.56426323762154
ENSG00000162706	CADM3	3.4615355934234	3.64019814188829	2.72289850712514	2.6842920450114	2.70037538946136	3.13049725238339
ENSG00000162746	FCRLB	2.9746383797796	3.72371518238457	3.43866257356412	3.08245985799918	3.38649148878528	2.63271724108303
ENSG00000163040	CCDC74A	3.98686138126914	3.58896419132981	4.2356362022168	3.70493334377243	3.32450504644924	4.25933054343027
ENSG00000163083	INHBB	3.55838578279923	3.47745926479929	2.93697335406217	2.76117370284153	3.19732841276842	3.73860820592797
ENSG00000163624	CDS1	3.45408451554003	4.2676919867148	3.75406619889909	3.5947403778355	3.69565243184199	3.13872742686252
ENSG00000163673	DCLK3	3.15147663985415	3.03383388473558	3.26318893415257	2.2542495756438	2.42361153552274	2.79251226871523
ENSG00000163705	FANCD2OS	3.26128472837194	3.38685419406473	3.59113629737835	2.57808996565951	2.99589819010133	2.57207697368895
ENSG00000163815	CLEC3B	3.49626570379569	4.39147551061711	3.00735149397066	2.92232259635215	3.52237306337203	3.41307815134047
ENSG00000164038	SLC9B2	3.96190892807884	3.80024866129585	4.10410261629015	4.20750714462934	5.99334711143446	4.20752867902185
ENSG00000164093	PITX2	3.35941769314467	2.71711655471507	3.13531788937653	2.69823403722952	2.78057664577515	4.18070591124335
ENSG00000164123	C4orf45	4.02319655528004	4.26921088816778	3.63526399845631	3.43140518896397	4.34968139662219	3.6927478274524
ENSG00000164142	FAM160A1	3.46616604123683	3.04564715969464	3.03716095674913	3.63344300310151	3.81710463790968	2.92518877176477
ENSG00000164265	SCGB3A2	3.74949390408012	3.008154762319	2.75772229345991	2.03502787803889	2.94105827684902	2.76218654233422
ENSG00000164442	CITED2	6.53462766809075	6.70383350596081	6.15372154315334	7.54862310466611	6.36426614241735	5.66679550683482
ENSG00000164530	PI16	3.60114073052643	4.54861306559817	2.93306100071406	2.60201665676826	2.50240000676567	3.94351911400961
ENSG00000164756	SLC30A8	2.62744170949099	3.20922694688948	2.73351112215419	2.39059120247385	2.96416736370989	2.33642635061139
ENSG00000164761	TNFRSF11B	3.51678917413915	3.61849822232068	2.99428682935203	3.3848909303843	4.73417507817358	3.17491514372097
ENSG00000164855	TMEM184A	4.7467879473133	5.54179298169331	4.6471142642508	4.05309493294625	4.52657665350401	4.61647587288597
ENSG00000165084	C8orf34	2.76778735901302	2.73784196160472	2.51394385456278	2.06766167879101	2.54836463054227	2.76864046860237
ENSG00000165105	RASEF	3.75303475343147	3.18890262438428	2.65088898828027	3.46716863779723	2.09225944550812	4.09064440712598
ENSG00000165131	LLCFC1	3.74308541426693	3.48431013940079	4.15536553335462	3.23694570590839	2.86778303503355	3.12830127242901
ENSG00000165304	MELK	3.6356896261304	3.39324710345875	2.89585863677701	2.55087499863621	3.08992653232415	2.71388259164723
ENSG00000165323	FAT3	5.32765833169606	3.24570920165548	4.99009628259372	5.97969878386262	5.96233745076762	5.51832479341873
ENSG00000165457	FOLR2	4.82190882866159	5.73980732635148	3.73977443495679	3.69090046685092	5.62682568068445	4.03305741977104
ENSG00000165566	AMER2	2.17721871459271	2.17457062318756	4.20832366214095	2.77354809792225	2.00927740311921	2.2259488762817
ENSG00000165617	DACT1	5.11691886543387	5.05032736461395	5.24179489753965	6.15796366649892	4.55038112989411	6.47519282689089
ENSG00000165868	HSPA12A	3.88584138462602	3.88466845854904	3.57072470434817	4.77540587892615	3.16742379966036	4.06598604929019
ENSG00000166106	ADAMTS15	4.2789940634097	4.44975959261072	3.64813260447399	2.8200541379582	2.50124275237738	4.06323332609598
ENSG00000166592	RRAD	3.89108535002348	3.51206267665887	2.60312797795647	3.41190289026474	3.10968479336006	3.56400538097723
ENSG00000166819	PLIN1	4.43034788644436	4.49660875530661	3.63034130004194	2.91350804227616	3.21232377684327	4.27048057398017
ENSG00000166924	NYAP1	3.2567377113134	3.37115499777837	3.95573362176605	4.98648451463753	2.60530072662111	2.9897229338656
ENSG00000167634	NLRP7	2.82491094467158	3.73422189639958	2.90187022850841	3.44691478834047	2.91466266198195	2.59824554737694
ENSG00000167670	CHAF1A	7.11762904735683	6.97409874344177	6.88048960051627	5.7821966109529	6.42984300199473	6.04274003605189
ENSG00000167771	RCOR2	4.80238201878266	4.83146100317586	5.48214562104962	5.17877226981599	5.18320340964053	4.80206889713601
ENSG00000167900	TK1	4.71229507425689	4.83818574213505	4.38665397199812	5.81258407355977	4.67658919425144	3.79594732306974
ENSG00000167992	VWCE	3.1484573881463	2.73293460158065	2.97479435856187	2.45176238157291	2.58663810012445	3.33013735624589
ENSG00000168454	TXNDC2	2.85463088264009	3.13598123834075	2.6070884622434	2.54484529517769	3.02983112383868	2.8674743324197
ENSG00000168634	WFDC13	3.33629018307576	3.06669550891213	2.44484994113939	2.02467688758203	2.70997706971671	2.30486452068761
ENSG00000168646	AXIN2	5.01080010961168	4.52483641904187	4.97304957857693	4.51922725817992	4.25113399428892	6.58655770896355
ENSG00000168658	VWA3B	3.85752940987452	3.78569024630484	3.33537256581869	2.61653612202549	3.20211006201691	3.00190720996922
ENSG00000168878	SFTPB	3.42346740811951	3.72742105519271	3.60632820607478	3.34377628134045	3.49220889884231	3.11164726722053
ENSG00000169047	IRS1	7.11845264325897	6.35542971487886	6.88363057694555	6.69429836128684	6.77500418298789	7.49484815899374
ENSG00000169122	FAM110B	4.3512308336581	4.04877517763861	4.15289978838638	4.69732328008025	4.17902452355324	4.72053218085278
ENSG00000169174	PCSK9	2.37895366013464	2.66046966853369	2.43995363235068	2.13978317445727	3.03148965733939	2.57732392778996
ENSG00000169302	STK32A	3.40447963284159	3.27002926093638	2.74796774047162	2.38625301935324	2.46173559560105	2.65676723278555
ENSG00000169385	RNASE2	3.73914226899701	3.28952807976366	3.96668309878876	2.60568471112883	3.10886694996082	3.06158279206105
ENSG00000169550	MUC15	3.71531237711838	3.03634412941588	3.34784705483211	2.35133909121779	2.76522599629525	2.65389340431985
ENSG00000169676	DRD5	3.28816110157328	3.92463352174578	3.22183522557578	3.41780491069107	3.66406171428114	3.12670341728723
ENSG00000169862	CTNND2	3.9567438002092	3.38547497808398	3.76699602529675	4.58476558174555	3.83347618324926	4.09249823776997
ENSG00000170374	SP7	3.39974654655393	3.18767253450117	3.82792514605176	2.85490820102914	4.49694615801355	3.02680567355179
ENSG00000170412	GPRC5C	3.79923200715195	3.36931291693285	4.023727163154	4.63513755175578	4.73841433044362	3.81678403877817
ENSG00000170549	IRX1	3.06655832570873	3.41251811613614	3.33294551909448	2.24491426936965	2.9569772228918	3.93196579502286
ENSG00000170577	SIX2	3.18709201662007	4.15566853604868	3.31298751091061	4.72540352183994	4.38703285560923	3.55447203706665
ENSG00000170579	DLGAP1	3.1238394897712	3.61931017940245	4.0671230847979	3.79767933265081	2.85434156613511	3.56789281970614
ENSG00000170819	BFSP2	2.79160605858432	3.08411429900917	2.74175584000146	3.02049173033802	3.14327145381417	2.49818336314282
ENSG00000171051	FPR1	3.27303672199039	5.42742880270219	2.99773739261757	2.64302363399271	4.21170316459693	2.92713369128336
ENSG00000171345	KRT19	2.82619859103964	2.90207409722862	3.75572391979475	3.15156289297639	2.33730640764942	3.26443612268426
ENSG00000171817	ZNF540	5.22273654860964	5.30028798823937	5.88317216349442	5.42819346856827	4.97024439477569	4.8590108804673
ENSG00000172020	GAP43	3.17952637539086	3.11087155602345	3.4008890759411	2.46384924385905	3.11042772948402	3.45262595004287
ENSG00000172159	FRMD3	4.85085640316526	4.72764817930988	5.31038837488034	6.39777041324934	4.26011968908149	5.74072411291721
ENSG00000172264	MACROD2	3.27498542026604	2.58034744347511	2.85288091945808	2.93161542993484	2.40445512297566	2.89420982226732
ENSG00000172339	ALG14	4.26720790838254	4.31639680846851	3.96860261559085	3.6940778026789	3.40334632887716	4.08626376128708
ENSG00000172379	ARNT2	4.31657170654629	3.41680101073458	3.6233013161205	3.4662086206131	3.62910801819128	4.29146774248749
ENSG00000172828	CES3	2.68725596168622	2.69182124626007	2.76052999680082	3.03767993587923	2.60139775926979	2.32749690675683
ENSG00000172893	DHCR7	3.2483405196929	2.69074108924544	3.32470145693298	3.74292731336577	2.82710102999706	3.13898233005123
ENSG00000172986	GXYLT2	4.36645781340203	4.23080272973864	3.53287362852187	2.9043513145825	4.6449840809547	5.60083940766519
ENSG00000173253	DMRT2	2.55838676047233	3.21921741411252	2.52752584896132	1.93878984661162	2.13085148453508	3.82023480432231
ENSG00000173621	LRFN4	6.39619899027175	6.5488525905592	6.82843269676031	6.15073402233315	7.22722901711697	6.22716835627064
ENSG00000174099	MSRB3	4.86712779804169	3.92409412088305	3.42090802082887	3.60826390796939	4.16260325109486	4.50244272840561
ENSG00000174370	C11orf45	3.58649661759499	4.39362327578623	3.31030737288138	2.87877493351508	4.41705119679582	3.55225252687477
ENSG00000175084	DES	7.75834419559322	4.57352536798672	4.44976232746317	4.99967518146615	3.06795264005591	6.10777511351998
ENSG00000175445	LPL	4.88104149967813	3.98166585093682	3.89193108378712	2.50534673879944	4.27849853773703	3.77053561647102
ENSG00000175497	DPP10	2.15255988046081	1.8373304891552	2.02507336410873	6.23565161603	1.81935371241629	2.14104655959653
ENSG00000175514	GPR152	3.28226537582152	3.98186946483371	3.12025594241219	3.02202334661823	3.14966637632238	2.89462421990905
ENSG00000175592	FOSL1	4.64568819827089	5.83260707849455	5.09306569707057	4.59659966629136	5.20480641364819	4.91242979938531
ENSG00000176490	DIRAS1	3.4699388580709	2.60568726360875	3.66451360860622	2.43200071706528	3.33277052389462	3.30513693049484
ENSG00000177042	TMEM80	6.91841641620363	7.01160452578326	6.78250484277069	5.23019458972524	7.24563715627317	7.5780213436736
ENSG00000177465	ACOT4	3.95822318259549	4.45035095435862	4.06416211580607	4.17173540981091	3.83736415197061	3.88437772777105
ENSG00000177570	SAMD12	2.88510476006629	3.22720344824835	2.48325370792959	2.91181474927552	3.34635270732738	2.35436291902306
ENSG00000177694	NAALADL2	2.78140497764823	2.69134576388031	2.85234085777603	2.84287721266178	4.42699779029613	3.24208687568045
ENSG00000177875	CCDC184	2.43564504683429	2.41630825393872	2.70863070644696	4.00633447328057	2.32932544456376	2.90964408802376
ENSG00000178295	GEN1	3.90375289632402	3.35979757914026	4.02078818217819	2.98325743508364	2.9802957012535	3.57648846323455
ENSG00000178395	CCDC185	2.92706343288842	2.62768924356101	2.10581037267733	2.01640238423723	2.2908185343634	2.11947968041146
ENSG00000178498	DTX3	5.19409271984863	3.84984219888976	4.97958043581261	5.46150169274573	4.21766611872061	5.04103641391207
ENSG00000178776	C5orf46	3.14821568131846	2.46577508034161	2.20003304097348	1.92554719750736	2.23163467467858	2.169556985662
ENSG00000179715	PCED1B	3.31462222570259	3.63601818838785	2.59155745311925	2.60442371007432	3.63366777015007	2.50064152515107
ENSG00000180432	CYP8B1	4.29933636960299	5.0515154024844	4.62122719895453	3.85008839396717	3.76326161525469	4.60398902456999
ENSG00000180447	GAS1	5.36951003820921	5.36770063951419	4.99365731098372	3.62288924821262	4.75186315012383	5.84104659955537
ENSG00000180543	TSPYL5	4.90251858465762	4.95193993088871	6.06326273176122	6.22410826019511	5.14353093847958	5.71900351857274
ENSG00000180574	EIF2S3B	3.52695743417424	3.42373310388679	3.10255349670855	3.14891264218604	3.11797985077381	2.97076641278691
ENSG00000180818	HOXC10	4.71915413415989	4.4513485504788	5.04683499333106	3.48934800730829	4.76925207957658	4.84478177811067
ENSG00000181072	CHRM2	2.57066250982507	2.35123091773897	2.81170573467995	2.43533961850022	2.62031211031599	2.40315015387339
ENSG00000181778	TMEM252	3.8360001716536	2.60542179436082	2.78374384550418	3.75701157706298	2.41597660994699	2.774716181955
ENSG00000182107	TMEM30B	3.87078739689731	4.04751535430368	4.41857956511654	3.89653245390094	3.40924666145773	4.46569933880463
ENSG00000182310	SPACA6	3.91780519665304	4.51770986863324	3.90513637618893	4.50026391958183	3.73442371755584	3.91157061835797
ENSG00000182578	CSF1R	6.59645481938923	7.35259612525142	5.88190771812303	5.91028137793985	8.17202145094759	5.98006532917459
ENSG00000183421	RIPK4	2.59232676527702	2.43571072647716	3.03941400173247	2.30113296993933	2.49086614359996	2.47444288685344
ENSG00000184232	OAF	3.68376945039552	4.34982442186486	3.9758199833599	3.97957861577468	3.97752674808111	4.46980871807131
ENSG00000184347	SLIT3	7.1883758554057	6.85323653645159	6.28855030543256	6.96985433354962	6.51528853058578	7.95694466609174
ENSG00000184923	NUTM2A	7.64524546962999	8.03918662385882	8.53342211810573	8.427944463442	7.85740234738116	8.18989327482105
ENSG00000184937	WT1	3.05684175198016	2.78502155714068	2.43221994263418	2.11309427228496	2.25288938998078	2.8970876920903
ENSG00000185274	GALNT17	4.48637114546182	2.9470553281334	3.45465555446532	4.74324341831996	2.80885667619517	3.84620892027251
ENSG00000185479	KRT6B	2.36890191426441	2.9583548018677	2.53085169797188	2.06094611735072	2.76225762406462	2.49012092163636
ENSG00000185482	STAC3	5.10294830223244	5.2360014071422	5.38309516263614	4.08453247524445	4.67769577085112	5.94844734181931
ENSG00000185818	NAT8L	2.54327389850562	2.71547471079946	2.77217664748975	2.79533203652777	2.3717048471742	3.08098259451078
ENSG00000185860	CCDC190	2.94342830441782	3.02533970163909	2.90090588154664	2.58933334028946	1.99938998954449	1.98121940796762
ENSG00000185920	PTCH1	5.66307899236514	4.96735013190037	6.5147944856571	8.4604724921324	5.58234780186869	6.05356551635443
ENSG00000186185	KIF18B	4.67644672744649	4.69770247221469	4.32895737091724	3.10902404813047	4.48688691151057	3.64851751734968
ENSG00000186230	ZNF749	6.38671461399082	5.98180586782598	7.0476829914203	7.02290265375519	5.82469417817014	6.14378966217908
ENSG00000186417	GLDN	3.85918484875891	3.4077852697294	3.28419297131016	2.71408993988098	3.82985958792638	2.93880478252573
ENSG00000186790	FOXE3	2.30004138436254	2.68005910913881	2.83658319855556	2.20574326109792	2.14907187923592	2.40308659620702
ENSG00000186832	KRT16	2.47538115304555	2.89115010107099	2.62173547046275	1.96627316430003	2.44797166217221	2.50181860671592
ENSG00000186998	EMID1	3.8843412683207	3.67290956079099	3.84952946613532	3.79550205785371	3.62703535226771	4.72912531247848
ENSG00000187010	RHD	6.16694319396374	6.76779608802383	7.48205384504812	5.82969885487011	6.82605354187774	6.11149897179384
ENSG00000187048	CYP4A11	3.66044953561017	4.04664830178577	3.0455674480264	2.453323606112	2.54159553585222	3.18246276255391
ENSG00000187166	H1-7	3.28949002043498	3.14627043759722	3.09909525075796	4.57424961886264	3.02811742182154	2.59600258859758
ENSG00000187187	ZNF546	6.12110409335449	5.94529682210392	6.75540543878932	7.35926640385129	5.96583945806092	5.84536600595749
ENSG00000187391	MAGI2	5.59761163557641	5.05341000379063	5.07513583247925	6.67111555092962	6.30347942866025	5.81830907192243
ENSG00000188282	RUFY4	2.63740320530579	2.78740400860946	2.84256729503122	2.87902254698806	5.94519526210171	2.20838557301742
ENSG00000188522	FAM83G	3.98409543243527	3.66152543981358	3.55715713620885	3.5897087099637	3.87398932489948	3.50658382902491
ENSG00000188536	HBA2	4.51791171889895	4.2288248492655	4.14334350274466	4.50799642845131	4.9588541018425	4.53124745099935
ENSG00000188624	IGFL3	2.57739855205594	2.45825167385802	3.48441051362881	3.80016908214846	2.48666484369235	4.17962691320931
ENSG00000188707	ZBED6CL	3.28033931643012	3.22428875006039	3.6645709567424	3.09654238921838	2.74289245723012	3.16173597662914
ENSG00000188910	GJB3	4.78532985848874	5.27709526226734	4.83203840664375	3.9681271367128	4.41059436606105	4.36551612590086
ENSG00000188921	HACD4	4.96846830352451	5.17803397316401	6.00601102286978	5.45150953442238	5.52583317887559	5.40462251564466
ENSG00000189058	APOD	4.73581817121866	3.68864923995715	3.96684097364602	3.15566097558031	2.84467765844966	3.68735131565198
ENSG00000189169	KRTAP10-12	2.12359828409457	2.32390534096927	3.49360340591687	2.1524228442107	3.29758085101431	2.83523608818816
ENSG00000189280	GJB5	4.48263336802809	5.04101817617142	4.52447544558786	3.39347625413142	3.70539244002304	3.90706812365007
ENSG00000189409	MMP23B	2.67454124077142	2.80846262468663	2.78517308729463	2.81255556505266	2.31052732523341	3.93567529857566
ENSG00000196155	PLEKHG4	4.93145477165587	5.19396763997098	4.91418853640743	3.93032176991543	4.26596999288295	5.199774767311
ENSG00000196284	SUPT3H	3.14574809686697	3.13768957956344	3.39667959038273	2.98894977807784	5.38975531086319	3.90781519486418
ENSG00000196358	NTNG2	2.61059769025047	2.75413874573545	2.45868376945095	3.38448512460138	2.8500078920569	3.50403973988025
ENSG00000196420	S100A5	4.14299055976191	4.14155448363552	3.74035032614331	2.57698984053596	3.97550974573318	4.10349794743603
ENSG00000196781	TLE1	5.53847205874336	4.9202329840324	4.72957788885812	6.25823837542618	4.78644965581218	5.79398376075701
ENSG00000197013	ZNF429	3.83358547014179	3.76833579505703	4.4938776803666	4.20802718439744	3.7786183522377	4.02712937766084
ENSG00000197121	PGAP1	4.43886113454871	3.77632419352319	4.26359759258393	4.03927078986884	3.7209990908579	4.26646150104845
ENSG00000197168	NEK5	2.62656959129497	2.76088173968963	3.37625513331089	2.49797679029202	2.79123680292521	5.09547419723911
ENSG00000197299	BLM	3.61150890836473	3.85527350201017	3.22592011568104	2.60870083872928	3.91095539436839	2.84819959777482
ENSG00000197479	PCDHB11	3.36907261818597	3.65611854941836	3.94616920108409	3.4505605315436	3.00948448089651	3.62940811204061
ENSG00000197629	MPEG1	5.5592495254319	6.24176391093233	5.67335990401421	5.11373464101594	6.80742654971317	5.30876598984537
ENSG00000197953	AADACL2	4.21184850100964	4.64277273069736	5.63269565988227	2.49759463670418	4.44573714854402	4.27257470317902
ENSG00000198156	NPIPB6	3.39161890594201	3.35015344906102	3.64293140767949	3.45158279560926	2.90603418898672	3.20957983835518
ENSG00000198373	WWP2	6.32762098926269	6.28093872572261	6.33115151497884	7.72209186789074	7.18344029797013	6.27927132553747
ENSG00000198642	KLHL9	3.34751658247584	2.99830214880695	3.1456519365139	3.92226801403587	3.65151144650995	3.49306833817004
ENSG00000198691	ABCA4	3.35214874393282	3.4162766184564	3.08226926259932	2.46711798731406	3.29534354632643	3.24552195341805
ENSG00000198829	SUCNR1	3.93089954246747	4.18337609949693	5.09169541939021	2.27590465541904	4.03944301184577	4.01344911932331
ENSG00000198944	SOWAHA	2.55765969249979	3.1752976010492	3.11304661200881	3.01834156100044	2.55697494895565	3.01460665690826
ENSG00000204060	FOXO6	5.15976060189301	4.83921484946362	5.31999182763175	4.62600482646905	4.3716524314197	4.78429582600919
ENSG00000204335	SP5	3.06246155498599	2.44330667784706	2.76438675943372	2.64923344557263	2.27130488069427	3.42550507668912
ENSG00000204866	IGFL2	2.30116320156385	2.76025068263138	2.37144006700556	2.01412100107163	2.71757260951387	3.74225734466499
ENSG00000205426	KRT81	2.95910160994116	2.76966121333136	2.23272938285102	2.25679315124427	2.3239895159746	2.45292159284802
ENSG00000205808	PLPP6	3.65894138674338	3.56834138301296	5.28808150157595	4.53527679587994	3.94981054284255	3.87543261330603
ENSG00000206013	IFITM5	4.28407418661171	4.44038804374116	4.64924253182198	3.96241645234727	5.49370735120736	4.69774866216316
ENSG00000213809	KLRK1	2.7495616741706	2.87111924326251	3.54677128822064	2.69108938894129	2.96064167944265	2.71208938776082
ENSG00000214415	GNAT3	2.81590538760222	2.50000044289468	3.08095525377539	2.20560331643311	3.79578705885521	2.91648835936461
ENSG00000214944	ARHGEF28	3.84076618333238	3.66257265410976	3.61898573624057	3.20804382827967	3.80887404713615	4.23652817851842
ENSG00000215018	COL28A1	3.24010532810504	3.37422611412627	3.49081986681567	3.59773418153743	3.43651298180198	3.14685265080835
ENSG00000215853	RPTN	2.58490045437278	3.89520006107935	2.6818171460472	2.19357248371845	2.60397386593037	2.43643244596384
ENSG00000221837	KRTAP10-9	2.06764149173248	2.17716006891109	3.26272475992347	1.93118912098449	3.10504318579616	2.56970038147825
ENSG00000225781	OR6V1	5.23397852875116	4.62201075179853	5.62689716772263	4.64423463032457	4.38731815873003	4.78753969816684
ENSG00000244242	IFITM10	2.98133110012886	3.06091236339415	2.88816444993205	2.41008031564493	4.02023035598441	3.36875841360237
ENSG00000244694	PTCHD4	2.87493417553513	2.85283269093456	2.57278354948303	2.77453228471352	3.44025414632596	2.83619666917235
ENSG00000253873	PCDHGA11	4.76284937185805	5.11514387173897	4.80778940850519	5.42926167631007	5.00239029108548	5.04621210358256
ENSG00000254221	PCDHGB1	2.97785090334475	2.9566206999269	3.23830326203217	3.33568731770885	2.80269568725641	3.19596952548711
ENSG00000256394	ASIC5	2.64819388500657	3.27524008429735	2.68063164812643	2.56201136065411	3.7621185755482	2.99881829271999
ENSG00000259803	SLC22A31	2.62187105257228	2.49505278409841	3.04586088827227	2.22530747988329	4.11008580492819	3.58761439527231
ENSG00000262655	SPON1	6.0745430175675	6.65973706230869	6.2449439739262	6.45869926624933	5.26394584479554	7.95725756715497
ENSG00000275385	CCL18	2.34562610070915	3.04788392734443	1.97578976766961	1.91109129594605	3.06631337100353	2.12274210601683
ENSG00000276966	H4C5	6.51695953962758	6.30908108814935	6.61076640847488	7.36699411257269	6.56860623695555	6.1335930708534
ENSG00000286190	AC055839.2	3.36372218328463	3.31126819500905	3.72315480678424	4.81156214403373	3.41563191623148	3.57635971052973
